X = [  0  1  2  3  4  5  6  7 ];

Y1 = [  3068  9946  3634  4027  9753  11505  6507  93235 ];

Y2 = [  2789  11895  10008  4944  23040  25736  90313  30974 ];

Y3 = [  6414  11518  4577  26118  8629  18662  77239  39086 ];

Y4 = [  7070  4095  9949  5162  4389  52880  53789  3704 ];

Y5 = [  8288  1973  3047  5335  28975  11402  1323  29225 ];

Y6 = [  4512  2627  11536  9231  1770  6568  1559  71200 ];

Y7 = [  7277  25015  9905  5433  7887  4711  2827  19877 ];

Y8 = [  8197  16319  7969  5113  4970  143998  114894  5803 ];

Y9 = [  44253  1303  718  544  772  22305  574  925 ];

Y10 = [  39705  703  603  12045  61187  2950  2333  Inf ];

Y11 = [  12821  5736  4465  29048  1369  3951  35108  25275 ];

Y12 = [  95786  3499  5134  1272  1068  1031  917  897 ];

Y13 = [  2066  10052  22932  1413  8777  20339  46760  54828 ];

Y14 = [  10480  2647  2386  10853  4771  5069  7630  16776 ];

Y15 = [  7528  10848  2836  16234  13345  14158  20331  5378 ];

Y16 = [  5106  1355  6797  3039  21677  14987  27681  3628 ];

Y17 = [  8655  3581  7869  7049  10186  7133  2617  Inf ];

Y18 = [  3617  1516  8342  4511  1490  1748  6360  7718 ];

Y19 = [  8890  1567  5736  10528  4161  1554  11644  78341 ];

Y20 = [  4755  4872  2905  4616  4898  2549  26217  2158 ];

Y21 = [  6185  14015  5533  7327  1237  7990  6032  38959 ];

